SampleNumber	Tile	NumberOfReadsRaw	NumberOfReadsPF
0	1101	70671	63557
1	1101	44592	42086
2	1101	40791	38433
3	1101	30898	29203
4	1101	27883	26341
5	1101	29684	28062
6	1101	8981	8368
7	1101	29014	27523
8	1101	19509	18533
9	1101	25620	24307
10	1101	7327	6815
11	1101	35922	34003
12	1101	7003	6487
13	1101	40452	37889
14	1101	10803	10218
15	1101	19145	18115
16	1101	19675	18702
17	1101	8185	7772
18	1101	27557	26227
19	1101	30805	29353
20	1101	30967	29404
21	1101	20567	19563
22	1101	22768	21430
23	1101	34157	32466
24	1101	58645	55227
0	1102	70421	63228
1	1102	44386	41865
2	1102	40868	38408
3	1102	31265	29503
4	1102	27762	26177
5	1102	30171	28462
6	1102	9029	8426
7	1102	29110	27622
8	1102	19856	18827
9	1102	25778	24352
10	1102	7538	7065
11	1102	35798	33762
12	1102	7298	6767
13	1102	40870	38152
14	1102	10766	10150
15	1102	19082	18038
16	1102	19678	18728
17	1102	8093	7695
18	1102	27402	26123
19	1102	30895	29369
20	1102	31491	29842
21	1102	20383	19298
22	1102	22440	21202
23	1102	34212	32449
24	1102	59455	55980
0	1103	69848	62407
1	1103	45014	42393
2	1103	41660	38966
3	1103	31338	29540
4	1103	28037	26359
5	1103	30326	28499
6	1103	8807	8222
7	1103	29128	27673
8	1103	19652	18572
9	1103	25971	24505
10	1103	7557	6988
11	1103	36077	33951
12	1103	7360	6770
13	1103	41341	38584
14	1103	10835	10219
15	1103	19402	18280
16	1103	19550	18535
17	1103	8108	7732
18	1103	27609	26215
19	1103	30886	29294
20	1103	31405	29698
21	1103	20199	19136
22	1103	23068	21725
23	1103	34588	32801
24	1103	59306	55764
0	1104	70620	63598
1	1104	45159	42757
2	1104	41382	39064
3	1104	31475	29855
4	1104	28211	26742
5	1104	30152	28483
6	1104	8936	8384
7	1104	29077	27644
8	1104	19709	18795
9	1104	26103	24777
10	1104	7520	7004
11	1104	36328	34488
12	1104	7120	6608
13	1104	41084	38635
14	1104	10829	10265
15	1104	19308	18374
16	1104	19523	18603
17	1104	7991	7622
18	1104	27495	26232
19	1104	31023	29646
20	1104	31481	30004
21	1104	20471	19458
22	1104	23049	21788
23	1104	34825	33223
24	1104	59658	56290
0	1105	69514	62504
1	1105	44707	42156
2	1105	41643	39208
3	1105	31669	29927
4	1105	27907	26322
5	1105	30075	28429
6	1105	8872	8348
7	1105	29104	27682
8	1105	19607	18637
9	1105	25879	24533
10	1105	7435	6950
11	1105	36238	34281
12	1105	7249	6687
13	1105	40848	38365
14	1105	10897	10349
15	1105	18996	17992
16	1105	19915	18930
17	1105	8041	7651
18	1105	27463	26177
19	1105	30825	29311
20	1105	31277	29676
21	1105	20406	19400
22	1105	23026	21725
23	1105	34357	32639
24	1105	59392	56050
0	1106	70156	63154
1	1106	45061	42631
2	1106	41765	39329
3	1106	31792	30208
4	1106	28072	26477
5	1106	30272	28597
6	1106	8797	8216
7	1106	29329	27958
8	1106	19843	18917
9	1106	25969	24651
10	1106	7597	7116
11	1106	35864	34007
12	1106	7108	6607
13	1106	41156	38609
14	1106	10899	10298
15	1106	19077	18076
16	1106	19784	18868
17	1106	7997	7624
18	1106	27382	26122
19	1106	31432	30001
20	1106	31394	29860
21	1106	20433	19497
22	1106	22849	21641
23	1106	34534	32921
24	1106	59622	56313
0	1107	69918	62804
1	1107	44994	42583
2	1107	41676	39258
3	1107	31619	29944
4	1107	28263	26683
5	1107	30189	28531
6	1107	8923	8337
7	1107	29573	28168
8	1107	20020	19059
9	1107	26328	24932
10	1107	7627	7074
11	1107	36072	34231
12	1107	7218	6712
13	1107	41163	38554
14	1107	10780	10195
15	1107	19303	18297
16	1107	19811	18830
17	1107	8176	7799
18	1107	28015	26738
19	1107	31033	29498
20	1107	31333	29750
21	1107	20486	19473
22	1107	22967	21695
23	1107	34438	32733
24	1107	59278	55910
0	1108	70932	63478
1	1108	45088	42621
2	1108	41406	39077
3	1108	31525	29905
4	1108	28042	26513
5	1108	30366	28686
6	1108	9008	8441
7	1108	29459	28025
8	1108	19996	19061
9	1108	26324	25008
10	1108	7534	7089
11	1108	36495	34619
12	1108	7324	6786
13	1108	41650	39043
14	1108	10932	10339
15	1108	19306	18271
16	1108	20102	19104
17	1108	8133	7766
18	1108	27905	26618
19	1108	31428	29951
20	1108	31445	29912
21	1108	20670	19662
22	1108	22957	21788
23	1108	34931	33364
24	1108	59702	56353
0	1109	69939	62655
1	1109	45018	42461
2	1109	41638	39114
3	1109	31949	30236
4	1109	27894	26301
5	1109	30563	28791
6	1109	8793	8177
7	1109	29415	27861
8	1109	19823	18866
9	1109	25986	24543
10	1109	7501	6978
11	1109	36820	34810
12	1109	7375	6814
13	1109	41423	38858
14	1109	10805	10268
15	1109	19229	18170
16	1109	20057	19116
17	1109	8133	7706
18	1109	27721	26485
19	1109	30805	29385
20	1109	31244	29655
21	1109	20492	19484
22	1109	23004	21703
23	1109	35204	33382
24	1109	59900	56484
0	1110	69910	63183
1	1110	45229	42936
2	1110	41662	39337
3	1110	31487	30018
4	1110	28142	26647
5	1110	30556	28972
6	1110	8963	8417
7	1110	29406	28033
8	1110	19824	18919
9	1110	26129	24888
10	1110	7449	6987
11	1110	36457	34714
12	1110	7298	6818
13	1110	41361	38931
14	1110	10897	10361
15	1110	19395	18475
16	1110	19693	18799
17	1110	8186	7815
18	1110	27563	26416
19	1110	31133	29752
20	1110	31664	30179
21	1110	20596	19675
22	1110	23331	22136
23	1110	34866	33285
24	1110	60150	56985
0	1111	70147	62794
1	1111	44987	42424
2	1111	41959	39371
3	1111	32064	30423
4	1111	28358	26795
5	1111	30836	29052
6	1111	8992	8425
7	1111	29741	28307
8	1111	20185	19193
9	1111	26240	24880
10	1111	7552	7051
11	1111	36314	34322
12	1111	7035	6490
13	1111	41677	38981
14	1111	10933	10372
15	1111	19621	18620
16	1111	20066	19108
17	1111	8183	7767
18	1111	27988	26662
19	1111	31337	29789
20	1111	31605	30075
21	1111	20713	19669
22	1111	23620	22290
23	1111	34818	33062
24	1111	59898	56303
0	1112	70186	63359
1	1112	45174	42728
2	1112	42035	39709
3	1112	31931	30282
4	1112	28454	26825
5	1112	30453	28767
6	1112	9044	8407
7	1112	29606	28169
8	1112	19923	19011
9	1112	26218	24876
10	1112	7542	7087
11	1112	36399	34563
12	1112	7243	6732
13	1112	41595	38993
14	1112	10919	10365
15	1112	19587	18582
16	1112	19802	18862
17	1112	8076	7732
18	1112	27821	26547
19	1112	30898	29462
20	1112	31434	30019
21	1112	20785	19718
22	1112	23232	22045
23	1112	34885	33285
24	1112	60653	57423
0	1113	70318	62751
1	1113	45044	42241
2	1113	42216	39494
3	1113	32074	30211
4	1113	28151	26489
5	1113	30478	28547
6	1113	9086	8427
7	1113	29925	28354
8	1113	20071	18997
9	1113	26265	24749
10	1113	7515	6935
11	1113	36320	34251
12	1113	7134	6606
13	1113	41753	38948
14	1113	10968	10305
15	1113	19599	18396
16	1113	19801	18756
17	1113	8045	7642
18	1113	27651	26221
19	1113	30977	29337
20	1113	32026	30294
21	1113	20762	19656
22	1113	23483	22077
23	1113	34619	32738
24	1113	60642	56818
0	1114	70661	63780
1	1114	45420	43030
2	1114	42209	39828
3	1114	32007	30473
4	1114	28328	26902
5	1114	30876	29281
6	1114	8876	8306
7	1114	29716	28336
8	1114	19673	18786
9	1114	26316	25021
10	1114	7708	7221
11	1114	36255	34473
12	1114	7209	6715
13	1114	41878	39378
14	1114	11056	10489
15	1114	19433	18465
16	1114	20043	19115
17	1114	7992	7640
18	1114	27883	26650
19	1114	30779	29400
20	1114	31444	29943
21	1114	20830	19849
22	1114	23271	22045
23	1114	35138	33544
24	1114	60118	56858
0	1115	70424	62259
1	1115	44998	42187
2	1115	41657	38929
3	1115	31844	29958
4	1115	28295	26560
5	1115	30590	28660
6	1115	9124	8458
7	1115	29112	27551
8	1115	20146	19085
9	1115	26034	24433
10	1115	7533	6979
11	1115	36603	34445
12	1115	7375	6759
13	1115	41973	38972
14	1115	10911	10224
15	1115	19152	18003
16	1115	19991	18908
17	1115	7907	7494
18	1115	27856	26422
19	1115	30851	29175
20	1115	31523	29741
21	1115	20443	19392
22	1115	23076	21747
23	1115	34279	32370
24	1115	59695	55894
0	1116	71254	63530
1	1116	44968	42400
2	1116	41872	39385
3	1116	31939	30134
4	1116	28426	26811
5	1116	30559	28808
6	1116	8912	8331
7	1116	29491	27990
8	1116	20056	19103
9	1116	26244	24851
10	1116	7681	7151
11	1116	36809	34802
12	1116	7371	6843
13	1116	42240	39464
14	1116	11086	10494
15	1116	19518	18454
16	1116	19637	18639
17	1116	7979	7580
18	1116	27837	26485
19	1116	30506	28966
20	1116	31654	29985
21	1116	20523	19390
22	1116	22957	21672
23	1116	35001	33198
24	1116	60636	57084
0	1117	72796	64934
1	1117	45427	42841
2	1117	42254	39620
3	1117	31818	30103
4	1117	28555	26905
5	1117	31275	29465
6	1117	9116	8480
7	1117	29490	28059
8	1117	20074	19106
9	1117	26202	24861
10	1117	7557	7045
11	1117	36369	34402
12	1117	8408	7724
13	1117	41995	39361
14	1117	11235	10641
15	1117	19463	18364
16	1117	19944	19016
17	1117	7950	7545
18	1117	27600	26270
19	1117	30919	29398
20	1117	31601	29956
21	1117	20760	19659
22	1117	23488	22173
23	1117	35034	33268
24	1117	60836	57426
0	1118	70370	63129
1	1118	45690	42980
2	1118	41965	39423
3	1118	32194	30499
4	1118	28741	27072
5	1118	31127	29379
6	1118	9048	8474
7	1118	29617	28210
8	1118	20039	19101
9	1118	26615	25226
10	1118	7694	7161
11	1118	36625	34647
12	1118	7384	6832
13	1118	42591	39887
14	1118	11061	10471
15	1118	19700	18680
16	1118	19883	18889
17	1118	8107	7735
18	1118	27568	26327
19	1118	30574	29043
20	1118	31501	29921
21	1118	20586	19556
22	1118	23417	22119
23	1118	35173	33447
24	1118	61257	57767
0	1119	70369	62685
1	1119	45857	43150
2	1119	42171	39560
3	1119	32436	30763
4	1119	28567	26913
5	1119	31370	29549
6	1119	8990	8375
7	1119	29815	28266
8	1119	20280	19315
9	1119	26701	25267
10	1119	7793	7270
11	1119	36659	34769
12	1119	7485	6943
13	1119	42403	39729
14	1119	10937	10370
15	1119	19524	18520
16	1119	19958	18893
17	1119	8096	7668
18	1119	27756	26397
19	1119	30535	28945
20	1119	31930	30288
21	1119	20537	19565
22	1119	23223	21886
23	1119	34741	33052
24	1119	61346	57740
0	2101	74664	65079
1	2101	43813	40631
2	2101	40395	37346
3	2101	31301	29092
4	2101	27254	25197
5	2101	29485	27327
6	2101	8790	7979
7	2101	28969	27055
8	2101	19539	18300
9	2101	25291	23512
10	2101	7219	6604
11	2101	36176	33700
12	2101	6912	6252
13	2101	40836	37396
14	2101	10589	9847
15	2101	18965	17683
16	2101	19857	18633
17	2101	7775	7226
18	2101	27026	25376
19	2101	30553	28568
20	2101	31000	28934
21	2101	20354	18962
22	2101	22591	20894
23	2101	34069	31825
24	2101	57607	53408
0	2102	74968	65261
1	2102	44534	41354
2	2102	41111	38065
3	2102	31274	29182
4	2102	27557	25620
5	2102	29842	27652
6	2102	8969	8261
7	2102	29028	27175
8	2102	19694	18421
9	2102	26228	24484
10	2102	7365	6748
11	2102	36664	34263
12	2102	6911	6280
13	2102	41031	37702
14	2102	10653	9941
15	2102	18972	17650
16	2102	20083	18802
17	2102	8075	7594
18	2102	27511	25875
19	2102	30533	28634
20	2102	30925	28935
21	2102	20338	19021
22	2102	22681	21007
23	2102	34125	31963
24	2102	58693	54404
0	2103	75059	64926
1	2103	44410	41210
2	2103	40967	37832
3	2103	31398	29172
4	2103	27701	25619
5	2103	29723	27395
6	2103	8796	8022
7	2103	28984	27100
8	2103	20205	18854
9	2103	25878	24182
10	2103	7479	6788
11	2103	36185	33698
12	2103	7065	6386
13	2103	41258	37694
14	2103	10838	10078
15	2103	19168	17855
16	2103	19815	18533
17	2103	8210	7679
18	2103	27411	25817
19	2103	31132	29169
20	2103	31324	29239
21	2103	20354	19007
22	2103	22940	21253
23	2103	34300	32097
24	2103	58006	53615
0	2104	74129	65097
1	2104	44808	41502
2	2104	40810	37786
3	2104	31778	29638
4	2104	27836	25866
5	2104	29971	27871
6	2104	9119	8400
7	2104	29135	27282
8	2104	19687	18483
9	2104	25937	24270
10	2104	7444	6855
11	2104	36301	33893
12	2104	7160	6482
13	2104	41129	37911
14	2104	11008	10272
15	2104	19334	18032
16	2104	19753	18556
17	2104	7926	7471
18	2104	27424	25850
19	2104	31269	29384
20	2104	31549	29557
21	2104	20571	19318
22	2104	22773	21209
23	2104	34329	32181
24	2104	58488	54261
0	2105	74327	64651
1	2105	44392	41079
2	2105	41418	38097
3	2105	31967	29643
4	2105	27516	25401
5	2105	30366	28083
6	2105	8916	8091
7	2105	29411	27476
8	2105	20269	18974
9	2105	26258	24379
10	2105	7421	6784
11	2105	36935	34316
12	2105	6929	6278
13	2105	41412	37967
14	2105	10901	10072
15	2105	19160	17853
16	2105	20193	18826
17	2105	8338	7819
18	2105	27648	25909
19	2105	30889	28898
20	2105	31838	29772
21	2105	20559	19134
22	2105	22918	21214
23	2105	34425	32180
24	2105	58579	54184
0	2106	74183	64667
1	2106	44817	41488
2	2106	41281	38097
3	2106	31690	29505
4	2106	27667	25551
5	2106	29729	27577
6	2106	8958	8192
7	2106	29173	27315
8	2106	20075	18820
9	2106	25728	24010
10	2106	7547	6914
11	2106	36424	33990
12	2106	7105	6433
13	2106	41536	38182
14	2106	10757	10011
15	2106	19195	17871
16	2106	19729	18554
17	2106	8044	7529
18	2106	27617	25954
19	2106	30892	28822
20	2106	31443	29423
21	2106	20478	19138
22	2106	23093	21433
23	2106	34083	31887
24	2106	59218	54877
0	2107	75436	65209
1	2107	44015	40531
2	2107	40658	37429
3	2107	31360	29099
4	2107	27562	25456
5	2107	29726	27379
6	2107	9039	8214
7	2107	29088	27147
8	2107	19975	18691
9	2107	25470	23659
10	2107	7387	6673
11	2107	36291	33698
12	2107	6998	6332
13	2107	41003	37511
14	2107	10745	9938
15	2107	19082	17811
16	2107	19803	18479
17	2107	7945	7396
18	2107	27255	25519
19	2107	30669	28636
20	2107	30969	28808
21	2107	20529	19122
22	2107	22721	20953
23	2107	34376	31962
24	2107	58129	53710
0	2108	75427	65928
1	2108	45028	41766
2	2108	41520	38423
3	2108	31930	29767
4	2108	28031	25978
5	2108	30151	27925
6	2108	8957	8211
7	2108	29068	27211
8	2108	20128	18926
9	2108	26149	24370
10	2108	7586	6942
11	2108	36176	33779
12	2108	7165	6512
13	2108	41695	38326
14	2108	10784	10011
15	2108	19328	17988
16	2108	20036	18726
17	2108	7987	7503
18	2108	27344	25678
19	2108	31040	29020
20	2108	31521	29510
21	2108	20625	19299
22	2108	23174	21547
23	2108	34898	32800
24	2108	59356	55149
0	2109	76194	66339
1	2109	45015	41666
2	2109	41464	38232
3	2109	32026	29788
4	2109	27866	25770
5	2109	30634	28361
6	2109	9074	8292
7	2109	29532	27653
8	2109	20104	18835
9	2109	26055	24215
10	2109	7503	6863
11	2109	36976	34408
12	2109	7175	6507
13	2109	41615	38168
14	2109	10746	9982
15	2109	19218	17945
16	2109	19921	18617
17	2109	8055	7546
18	2109	27500	25754
19	2109	30997	28936
20	2109	31548	29417
21	2109	20491	19095
22	2109	23236	21511
23	2109	34717	32444
24	2109	59321	54874
0	2110	75560	65777
1	2110	45258	41930
2	2110	41578	38398
3	2110	32016	29743
4	2110	28005	25944
5	2110	30385	28108
6	2110	9062	8301
7	2110	29671	27651
8	2110	20280	19024
9	2110	25997	24183
10	2110	7486	6877
11	2110	36445	33968
12	2110	7172	6475
13	2110	41492	38132
14	2110	10814	10034
15	2110	19348	18033
16	2110	19735	18471
17	2110	8086	7573
18	2110	27929	26267
19	2110	31164	29158
20	2110	31858	29825
21	2110	20327	18917
22	2110	23178	21491
23	2110	34537	32287
24	2110	59442	54961
0	2111	75902	65906
1	2111	44680	41316
2	2111	41404	38008
3	2111	31997	29728
4	2111	27682	25634
5	2111	30473	28062
6	2111	8833	8072
7	2111	29625	27638
8	2111	20459	19191
9	2111	26159	24259
10	2111	7460	6822
11	2111	36959	34266
12	2111	7221	6522
13	2111	41703	38173
14	2111	10997	10155
15	2111	19620	18166
16	2111	19950	18581
17	2111	8130	7577
18	2111	27490	25724
19	2111	31088	29035
20	2111	31643	29533
21	2111	20737	19259
22	2111	22946	21170
23	2111	34701	32357
24	2111	58988	54535
0	2112	75551	66025
1	2112	45316	42021
2	2112	41601	38437
3	2112	31903	29705
4	2112	28432	26247
5	2112	30761	28561
6	2112	8887	8120
7	2112	29517	27567
8	2112	20262	19031
9	2112	26469	24665
10	2112	7591	6922
11	2112	36941	34365
12	2112	7233	6579
13	2112	42097	38735
14	2112	10961	10161
15	2112	19365	18021
16	2112	19778	18498
17	2112	8054	7535
18	2112	27579	25819
19	2112	31398	29367
20	2112	31650	29587
21	2112	20675	19292
22	2112	23374	21754
23	2112	34930	32659
24	2112	59681	55309
0	2113	75751	65573
1	2113	44829	41278
2	2113	41726	38304
3	2113	32154	29847
4	2113	28225	25964
5	2113	30917	28427
6	2113	8980	8195
7	2113	29767	27726
8	2113	20533	19232
9	2113	26046	24147
10	2113	7606	6950
11	2113	37132	34486
12	2113	7283	6601
13	2113	42177	38555
14	2113	10856	9999
15	2113	19418	17973
16	2113	19963	18566
17	2113	8016	7477
18	2113	27391	25588
19	2113	31227	29072
20	2113	31386	29253
21	2113	20590	19098
22	2113	23195	21420
23	2113	34817	32410
24	2113	59998	55274
0	2114	76306	66490
1	2114	45546	42184
2	2114	41117	37818
3	2114	32154	29960
4	2114	28358	26208
5	2114	30792	28577
6	2114	9144	8310
7	2114	29532	27565
8	2114	20404	19111
9	2114	26206	24400
10	2114	7661	7030
11	2114	37026	34447
12	2114	7288	6635
13	2114	42037	38601
14	2114	10968	10206
15	2114	19463	18049
16	2114	20323	18981
17	2114	8087	7556
18	2114	27241	25612
19	2114	31059	28958
20	2114	31722	29725
21	2114	20943	19610
22	2114	23285	21567
23	2114	34253	32051
24	2114	59339	54926
0	2115	76036	65787
1	2115	45084	41507
2	2115	41401	38038
3	2115	31460	29250
4	2115	28218	25925
5	2115	30775	28301
6	2115	8949	8114
7	2115	29432	27350
8	2115	20342	18998
9	2115	26075	24131
10	2115	7569	6891
11	2115	36822	34130
12	2115	7302	6579
13	2115	41915	38325
14	2115	10837	10037
15	2115	19206	17783
16	2115	20019	18588
17	2115	7899	7319
18	2115	27398	25548
19	2115	30824	28737
20	2115	31620	29430
21	2115	20564	19125
22	2115	23382	21514
23	2115	34431	32013
24	2115	59713	54976
0	2116	76707	66920
1	2116	44747	41500
2	2116	41623	38335
3	2116	32130	29870
4	2116	28062	25969
5	2116	30946	28722
6	2116	8995	8218
7	2116	29492	27591
8	2116	20457	19224
9	2116	26003	24238
10	2116	7547	6930
11	2116	36653	34111
12	2116	7273	6583
13	2116	41950	38498
14	2116	10973	10200
15	2116	19489	18104
16	2116	19903	18654
17	2116	7936	7414
18	2116	27265	25584
19	2116	30233	28264
20	2116	31497	29411
21	2116	20521	19141
22	2116	23103	21468
23	2116	34683	32520
24	2116	59728	55320
0	2117	77158	67398
1	2117	45344	41896
2	2117	41512	38244
3	2117	32023	29760
4	2117	28250	26091
5	2117	30746	28363
6	2117	8897	8179
7	2117	29615	27634
8	2117	20347	19207
9	2117	26115	24303
10	2117	7504	6819
11	2117	36473	33943
12	2117	7201	6580
13	2117	41980	38532
14	2117	10896	10093
15	2117	19407	18016
16	2117	19997	18711
17	2117	7859	7378
18	2117	27104	25353
19	2117	30398	28385
20	2117	31370	29359
21	2117	20717	19281
22	2117	23482	21727
23	2117	34081	31833
24	2117	60668	55935
0	2118	76857	66515
1	2118	45153	41428
2	2118	41629	38053
3	2118	32284	29896
4	2118	28299	25920
5	2118	31132	28526
6	2118	8948	8062
7	2118	29366	27312
8	2118	20506	19141
9	2118	26638	24667
10	2118	7713	6984
11	2118	37016	34237
12	2118	7275	6572
13	2118	42104	38322
14	2118	10942	10049
15	2118	19554	18069
16	2118	20019	18573
17	2118	7976	7401
18	2118	27531	25634
19	2118	30446	28281
20	2118	31666	29323
21	2118	20482	19013
22	2118	23444	21578
23	2118	34682	32189
24	2118	60078	55116
0	2119	77309	67472
1	2119	45204	41882
2	2119	41740	38516
3	2119	32465	30163
4	2119	28770	26578
5	2119	31014	28704
6	2119	9059	8326
7	2119	29426	27518
8	2119	20594	19349
9	2119	26427	24658
10	2119	7679	6969
11	2119	37078	34545
12	2119	7371	6735
13	2119	42528	39077
14	2119	10743	9981
15	2119	19753	18410
16	2119	19966	18694
17	2119	7888	7380
18	2119	26948	25232
19	2119	30474	28398
20	2119	31437	29318
21	2119	20925	19490
22	2119	23626	21863
23	2119	34392	32124
24	2119	60382	55826
